--- Classification Report ---
Model:   random_forest
Dataset: salinas_valley
Dropped: [0]
Train samples per class cap: 800
----------------------------------------

              precision    recall  f1-score   support

           1       1.00      0.99      1.00       402
           2       0.99      1.00      1.00       745
           3       0.96      1.00      0.98       395
           4       0.99      0.99      0.99       279
           5       0.99      0.99      0.99       536
           6       1.00      1.00      1.00       792
           7       1.00      1.00      1.00       716
           8       0.84      0.78      0.81      2254
           9       1.00      0.99      0.99      1241
          10       0.89      0.94      0.92       656
          11       0.95      0.99      0.97       213
          12       0.98      1.00      0.99       385
          13       0.99      0.99      0.99       183
          14       0.92      0.99      0.95       214
          15       0.72      0.77      0.74      1454
          16       0.97      0.99      0.98       361

    accuracy                           0.91     10826
   macro avg       0.95      0.96      0.96     10826
weighted avg       0.92      0.91      0.91     10826
