EXPERIMENT SCENARIO: 1_All_Classes_With_Background
Total Samples: 21025
==================================================

--- DECISION TREE ---
Overall Accuracy: 67.44%
Classification Report:
              precision    recall  f1-score   support

           0       0.78      0.76      0.77      3273
           1       0.86      0.38      0.52        16
           2       0.56      0.59      0.57       427
           3       0.51      0.56      0.53       220
           4       0.41      0.36      0.38        80
           5       0.60      0.67      0.63       117
           6       0.60      0.56      0.58       227
           7       0.38      0.45      0.42        11
           8       0.79      0.81      0.80       146
           9       0.33      0.20      0.25         5
          10       0.54      0.57      0.55       291
          11       0.64      0.65      0.65       729
          12       0.51      0.46      0.49       194
          13       0.74      0.76      0.75        55
          14       0.54      0.55      0.55       391
          15       0.10      0.13      0.12       106
          16       0.63      0.60      0.62        20

    accuracy                           0.67      6308
   macro avg       0.56      0.53      0.54      6308
weighted avg       0.68      0.67      0.68      6308

--------------------------------------------------

--- RANDOM FOREST ---
Overall Accuracy: 79.87%
Classification Report:
              precision    recall  f1-score   support

           0       0.81      0.90      0.85      3273
           1       1.00      0.44      0.61        16
           2       0.78      0.76      0.77       427
           3       0.75      0.65      0.70       220
           4       0.81      0.47      0.60        80
           5       0.93      0.67      0.78       117
           6       0.94      0.66      0.78       227
           7       1.00      0.45      0.62        11
           8       0.88      0.88      0.88       146
           9       0.00      0.00      0.00         5
          10       0.75      0.76      0.75       291
          11       0.77      0.86      0.81       729
          12       0.82      0.62      0.71       194
          13       0.91      0.87      0.89        55
          14       0.70      0.47      0.56       391
          15       0.00      0.00      0.00       106
          16       0.62      0.80      0.70        20

    accuracy                           0.80      6308
   macro avg       0.73      0.60      0.65      6308
weighted avg       0.79      0.80      0.79      6308

--------------------------------------------------

--- LOGISTIC REGRESSION ---
Overall Accuracy: 77.46%
Classification Report:
              precision    recall  f1-score   support

           0       0.81      0.87      0.84      3273
           1       0.77      0.62      0.69        16
           2       0.72      0.76      0.74       427
           3       0.66      0.60      0.63       220
           4       0.73      0.56      0.63        80
           5       0.78      0.62      0.69       117
           6       0.89      0.74      0.80       227
           7       1.00      0.27      0.43        11
           8       0.87      0.92      0.90       146
           9       1.00      0.40      0.57         5
          10       0.76      0.65      0.70       291
          11       0.70      0.77      0.74       729
          12       0.72      0.71      0.72       194
          13       0.91      0.89      0.90        55
          14       0.65      0.49      0.56       391
          15       0.58      0.17      0.26       106
          16       0.62      0.80      0.70        20

    accuracy                           0.77      6308
   macro avg       0.77      0.64      0.68      6308
weighted avg       0.77      0.77      0.77      6308

--------------------------------------------------

--- LINEAR SVM ---
Overall Accuracy: 76.17%
Classification Report:
              precision    recall  f1-score   support

           0       0.80      0.87      0.83      3273
           1       0.88      0.88      0.88        16
           2       0.67      0.78      0.72       427
           3       0.63      0.54      0.58       220
           4       0.74      0.50      0.60        80
           5       0.81      0.56      0.66       117
           6       0.92      0.69      0.79       227
           7       1.00      0.27      0.43        11
           8       0.91      0.93      0.92       146
           9       1.00      0.20      0.33         5
          10       0.74      0.63      0.68       291
          11       0.65      0.75      0.70       729
          12       0.75      0.74      0.74       194
          13       0.91      0.87      0.89        55
          14       0.68      0.37      0.48       391
          15       0.75      0.06      0.11       106
          16       0.86      0.60      0.71        20

    accuracy                           0.76      6308
   macro avg       0.81      0.60      0.65      6308
weighted avg       0.76      0.76      0.75      6308

--------------------------------------------------

