EXPERIMENT SCENARIO: 2_All_Crops_No_Background
Total Samples: 10249
==================================================

--- DECISION TREE ---
Overall Accuracy: 71.25%
Classification Report:
              precision    recall  f1-score   support

           1       0.93      0.64      0.76        22
           2       0.58      0.65      0.61       407
           3       0.61      0.60      0.61       253
           4       0.48      0.48      0.48        61
           5       0.79      0.80      0.79       137
           6       0.90      0.89      0.89       222
           7       0.50      0.44      0.47         9
           8       0.88      0.96      0.92       133
           9       0.50      0.50      0.50         4
          10       0.65      0.60      0.63       315
          11       0.72      0.71      0.71       719
          12       0.58      0.54      0.56       191
          13       0.87      0.91      0.89        57
          14       0.90      0.89      0.89       378
          15       0.56      0.58      0.57       138
          16       0.96      0.76      0.85        29

    accuracy                           0.71      3075
   macro avg       0.71      0.68      0.70      3075
weighted avg       0.71      0.71      0.71      3075

--------------------------------------------------

--- RANDOM FOREST ---
Overall Accuracy: 85.07%
Classification Report:
              precision    recall  f1-score   support

           1       1.00      0.59      0.74        22
           2       0.85      0.82      0.83       407
           3       0.90      0.71      0.79       253
           4       0.66      0.69      0.67        61
           5       0.94      0.92      0.93       137
           6       0.90      0.96      0.93       222
           7       0.80      0.44      0.57         9
           8       0.89      0.98      0.94       133
           9       1.00      0.75      0.86         4
          10       0.83      0.83      0.83       315
          11       0.80      0.91      0.85       719
          12       0.85      0.70      0.77       191
          13       0.96      0.96      0.96        57
          14       0.92      0.95      0.93       378
          15       0.72      0.60      0.65       138
          16       1.00      0.79      0.88        29

    accuracy                           0.85      3075
   macro avg       0.88      0.79      0.82      3075
weighted avg       0.85      0.85      0.85      3075

--------------------------------------------------

--- LOGISTIC REGRESSION ---
Overall Accuracy: 83.74%
Classification Report:
              precision    recall  f1-score   support

           1       0.93      0.59      0.72        22
           2       0.79      0.84      0.82       407
           3       0.77      0.60      0.67       253
           4       0.72      0.69      0.71        61
           5       0.90      0.90      0.90       137
           6       0.96      0.99      0.98       222
           7       0.89      0.89      0.89         9
           8       0.92      1.00      0.96       133
           9       1.00      0.75      0.86         4
          10       0.81      0.75      0.78       315
          11       0.77      0.83      0.80       719
          12       0.80      0.84      0.82       191
          13       0.98      0.96      0.97        57
          14       0.92      0.97      0.94       378
          15       0.91      0.72      0.81       138
          16       1.00      0.90      0.95        29

    accuracy                           0.84      3075
   macro avg       0.88      0.83      0.85      3075
weighted avg       0.84      0.84      0.84      3075

--------------------------------------------------

--- LINEAR SVM ---
Overall Accuracy: 82.02%
Classification Report:
              precision    recall  f1-score   support

           1       1.00      0.68      0.81        22
           2       0.75      0.86      0.80       407
           3       0.74      0.56      0.64       253
           4       0.71      0.59      0.64        61
           5       0.88      0.92      0.90       137
           6       0.96      0.99      0.98       222
           7       1.00      0.89      0.94         9
           8       0.94      1.00      0.97       133
           9       0.50      0.75      0.60         4
          10       0.78      0.70      0.74       315
          11       0.75      0.80      0.77       719
          12       0.83      0.84      0.84       191
          13       1.00      0.96      0.98        57
          14       0.92      0.96      0.94       378
          15       0.86      0.67      0.76       138
          16       1.00      0.79      0.88        29

    accuracy                           0.82      3075
   macro avg       0.85      0.81      0.82      3075
weighted avg       0.82      0.82      0.82      3075

--------------------------------------------------

